52272
13497
39309
30652
9374
44589
24495
29496
45592
437
49023
45402
49014
2273
49841
32450
35876
7537
997
38028
28968
42775
57112
45538
30775
56001
8675
702
58987
37203
64394
38813
55063
52492
31432
3303
61260
31680
26077
61282
57339
18968
39972
53327
16956
60487
33676
4245
21740
54167
8121
61365
57139
40759
50511
5524
31712
3428
61266
61488
1247
28643
61056
63051
2649
63618
11405
29163
53501
30989
4291
4224
2002
14989
47777
45923
50347
51958
42700
65279
14739
51512
48904
41124
7653
59585
37708
17236
26928
20039
16689
29937
16674
30624
52206
13194
54231
9425
43569
24663
54550
37954
60337
24786
9928
30440
25427
7149
49197
34391
17539
9454
58354
44870
22585
54071
48581
9162
18943
19464
25266
12207
12143
64324
35833
37319
51073
52428
58589
16841
24351
45969
25090
47038
18920
43684
61830
52064
47294
20840
63681
34350
31711
42938
31630
45334
45941
42033
21275
15658

